function dx=model2f4(t,x,r1,r2,r3,r4,n1,n2,n3,n4,s12,s13,s14,s21,s23,s24,s31,s32,s34,s41,s42,s43)
dx=[r1*x(1)*(1-x(1)/n1-s12*x(2)/n2-s13*x(3)/n3-s14*x(4)/n4);
    r2*x(2)*(1-x(2)/n2-s21*x(1)/n1-s23*x(3)/n3-s24*x(4)/n4);
    r3*x(3)*(1-x(3)/n3-s31*x(1)/n1-s32*x(2)/n2-s34*x(4)/n4);
    r4*x(4)*(1-x(4)/n4-s41*x(1)/n1-s42*x(2)/n2-s43*x(3)/n3)];

